Draw 01: 04 29 16 40 08 32 30
Draw 02: 03 09 39 13 36 20 38
Draw 03: 11 26 18 39 22 05 38
Draw 04: 35 02 29 10 04 11 14
Draw 05: 23 07 03 08 12 11 15
Draw 06: 12 20 17 39 31 01 04
Draw 07: 14 01 34 23 05 28 10
Draw 08: 13 17 26 38 08 37 19
Draw 09: 15 02 32 27 04 09 37
Draw 10: 19 20 11 04 28 18 02
Draw 11: 36 12 20 39 15 11 05
Draw 12: 18 09 31 21 06 37 33
Draw 13: 37 05 27 03 30 15 28
Draw 14: 39 30 20 23 28 26 01
Draw 15: 37 29 18 23 17 32 08
Draw 16: 35 07 20 37 36 31 06
Draw 17: 39 18 27 30 06 17 07
Draw 18: 01 34 15 18 33 28 05
Draw 19: 24 40 32 10 07 34 18
Draw 20: 29 09 08 32 05 18 06
Draw 21: 38 05 17 37 15 20 18
Draw 22: 18 09 25 39 29 38 40
Draw 23: 40 38 26 13 17 27 36
Draw 24: 35 31 09 22 34 12 24
Draw 25: 12 16 34 29 08 05 02
Draw 26: 07 15 24 38 27 39 19
Draw 27: 14 28 07 29 03 05 25
Draw 28: 23 13 10 03 15 33 06
Draw 29: 21 24 32 22 25 31 15
Draw 30: 35 39 40 37 15 06 08
Draw 31: 14 34 10 17 11 05 32
Draw 32: 32 20 24 30 16 33 08
Draw 33: 19 39 07 14 03 24 37
Draw 34: 02 07 18 20 40 12 17
Draw 35: 01 20 08 39 27 30 21
Draw 36: 34 22 05 31 11 27 07
Draw 37: 39 21 02 08 06 23 14
Draw 38: 29 14 08 38 13 39 05
Draw 39: 07 17 11 19 37 36 08
Draw 40: 20 27 30 03 02 24 31
Draw 41: 02 03 11 12 34 25 39
Draw 42: 40 29 31 08 14 24 32
Draw 43: 28 09 14 36 17 37 08
Draw 44: 04 07 12 09 33 31 30
Draw 45: 30 13 08 02 24 31 01
Draw 46: 34 09 10 11 14 06 30
Draw 47: 20 32 23 21 22 34 29
Draw 48: 37 29 14 21 38 30 12
Draw 49: 09 29 13 25 22 04 36
Draw 50: 24 37 13 15 33 28 32
Draw 51: 36 19 35 11 27 24 40
Draw 52: 04 35 33 24 30 08 02
Draw 53: 22 34 18 32 25 21 17
Draw 54: 01 39 29 16 22 40 33
Draw 55: 31 38 16 20 11 23 04
Draw 56: 12 06 05 27 09 29 33
Draw 57: 16 13 07 18 22 37 11
Draw 58: 29 12 03 23 37 11 39
Draw 59: 36 12 09 05 40 10 21
Draw 60: 05 34 36 32 08 23 14
Draw 61: 21 08 01 36 02 12 38
Draw 62: 23 28 03 02 18 20 25
Draw 63: 30 27 22 39 34 19 36
Draw 64: 39 01 25 22 27 37 29
Draw 65: 38 16 30 06 09 32 13
Draw 66: 22 40 17 38 19 26 11
Draw 67: 13 36 09 29 27 19 22
Draw 68: 06 12 09 38 39 31 26
Draw 69: 14 25 10 17 38 36 05
Draw 70: 30 23 21 32 29 07 25
Draw 71: 40 02 03 30 35 25 14
Draw 72: 21 39 20 40 22 17 36
Draw 73: 05 34 16 20 15 06 36
Draw 74: 12 39 01 35 37 34 19
Draw 75: 28 06 09 01 15 17 40
Draw 76: 27 26 21 05 36 10 22
Draw 77: 13 20 04 28 16 18 06
Draw 78: 18 22 31 25 35 37 16
Draw 79: 19 17 35 10 21 26 25
Draw 80: 23 21 24 05 08 28 30
Draw 81: 02 38 30 01 29 03 23
Draw 82: 10 03 23 38 08 04 16
Draw 83: 37 27 17 07 33 10 23
Draw 84: 31 06 01 17 16 33 19
Draw 85: 40 06 37 33 22 01 20
Draw 86: 04 05 18 29 27 11 09
Draw 87: 25 11 37 29 38 33 18
Draw 88: 04 31 03 16 33 36 14
Draw 89: 17 27 10 38 16 29 13
Draw 90: 06 28 02 13 24 18 36
Draw 91: 34 35 18 05 25 38 32
Draw 92: 26 04 19 02 28 35 37
Draw 93: 38 30 35 36 06 07 31
Draw 94: 35 04 12 33 19 26 14
Draw 95: 03 23 34 14 11 12 35
Draw 96: 38 32 21 27 11 02 35
Draw 97: 14 18 29 23 24 16 06
Draw 98: 40 26 30 01 12 09 36
Draw 99: 03 15 16 31 21 14 20
Draw 100: 30 14 09 24 18 29 07
Draw 101: 21 06 36 37 11 12 10
Draw 102: 04 19 06 18 37 39 36
Draw 103: 24 33 06 30 02 09 08
Draw 104: 34 17 40 14 26 07 08
Draw 105: 27 11 25 39 31 15 38
Draw 106: 14 22 10 27 04 29 07
Draw 107: 25 15 06 12 35 27 28
Draw 108: 18 10 30 19 35 34 06
Draw 109: 21 05 02 32 37 16 39
Draw 110: 01 31 39 36 23 35 18
Draw 111: 25 24 18 29 16 19 26
Draw 112: 39 36 21 35 22 14 29
Draw 113: 18 02 35 33 06 36 01
Draw 114: 40 07 02 16 27 21 22
Draw 115: 18 27 07 30 14 13 40
Draw 116: 11 29 34 14 08 12 16
Draw 117: 05 19 39 01 09 31 17
Draw 118: 37 09 30 01 27 33 17
Draw 119: 33 28 23 12 34 17 08
Draw 120: 26 06 13 19 34 39 04
Draw 121: 29 26 06 27 08 13 02
Draw 122: 26 20 11 01 40 13 09
Draw 123: 36 05 23 26 33 20 40
Draw 124: 33 15 14 11 40 01 39
Draw 125: 18 32 15 17 19 26 24
Draw 126: 32 03 38 25 14 28 10
Draw 127: 03 10 07 27 26 39 31
Draw 128: 01 27 13 19 03 06 02
Draw 129: 05 35 26 25 30 17 33
Draw 130: 22 11 08 03 12 19 02
Draw 131: 39 18 40 32 03 02 21
Draw 132: 25 39 21 13 31 37 27
Draw 133: 12 05 08 26 16 01 20
Draw 134: 21 26 11 33 02 35 22
Draw 135: 23 19 06 13 38 08 33
Draw 136: 12 32 35 14 33 36 28
Draw 137: 31 13 04 16 02 08 32
Draw 138: 01 18 29 40 25 07 30
Draw 139: 35 13 21 16 22 30 27
Draw 140: 08 40 27 30 37 12 38
Draw 141: 32 19 18 04 28 06 24
Draw 142: 24 07 04 35 18 29 12
Draw 143: 34 37 03 16 18 02 06
Draw 144: 14 37 08 36 01 10 22
Draw 145: 26 28 12 17 22 07 13
Draw 146: 04 40 21 06 33 16 32
Draw 147: 03 11 25 26 35 38 17
Draw 148: 31 35 33 12 28 08 07
Draw 149: 17 10 31 04 23 05 12
Draw 150: 22 18 12 15 27 20 21
Draw 151: 24 29 06 07 35 22 21
Draw 152: 10 33 14 02 24 07 12
Draw 153: 29 31 28 40 38 02 22
Draw 154: 40 10 20 38 33 36 16
Draw 155: 04 29 07 37 18 09 40
Draw 156: 08 22 04 18 10 21 28
Draw 157: 26 28 39 36 25 17 07
Draw 158: 11 27 22 35 29 19 37
Draw 159: 08 29 21 37 34 24 27
Draw 160: 18 35 13 20 25 27 34
Draw 161: 25 35 05 12 04 14 01
Draw 162: 22 26 10 40 36 35 14
Draw 163: 08 25 38 24 09 17 31
Draw 164: 30 38 01 10 40 15 16
Draw 165: 10 32 02 40 03 18 12
Draw 166: 14 01 24 37 17 18 29
Draw 167: 32 24 10 04 02 17 37
Draw 168: 14 04 32 09 02 28 21
Draw 169: 05 18 20 24 01 33 25
Draw 170: 35 37 28 30 21 33 11
Draw 171: 03 01 06 32 11 24 08
Draw 172: 32 29 16 37 24 22 27
Draw 173: 40 14 07 02 22 11 24
Draw 174: 17 25 36 14 18 02 20
Draw 175: 39 12 33 35 27 19 23
Draw 176: 07 14 08 01 37 25 09
Draw 177: 21 15 09 06 18 16 35
Draw 178: 04 26 03 20 15 18 28
Draw 179: 35 26 15 06 11 18 24
Draw 180: 09 13 24 04 31 11 26
Draw 181: 16 12 13 28 24 22 01
Draw 182: 30 24 15 19 03 14 02
Draw 183: 30 39 40 15 23 37 36
Draw 184: 11 16 08 26 15 21 33
Draw 185: 28 20 33 34 22 18 07
Draw 186: 22 20 30 01 08 38 40
Draw 187: 38 40 09 25 31 06 03
Draw 188: 05 37 39 28 01 07 15
Draw 189: 16 22 26 19 23 18 27
Draw 190: 27 37 32 22 13 29 02
Draw 191: 16 11 40 34 05 02 18
Draw 192: 23 26 13 31 36 20 22
Draw 193: 22 09 01 32 26 10 40
Draw 194: 01 14 30 39 29 07 17
Draw 195: 27 36 14 07 30 15 39
Draw 196: 32 06 39 16 04 24 40
Draw 197: 30 17 36 12 22 08 03
Draw 198: 24 01 06 16 39 38 05
Draw 199: 32 37 18 26 38 01 40
Draw 200: 29 24 13 01 34 26 06
Draw 201: 11 16 05 28 29 30 37
Draw 202: 03 34 15 38 08 29 26
Draw 203: 26 10 03 30 25 24 12
Draw 204: 19 15 34 11 24 29 18
Draw 205: 22 28 05 38 34 39 13
Draw 206: 25 21 23 33 35 38 10
Draw 207: 03 02 06 14 01 30 07
Draw 208: 34 18 05 32 09 15 29
Draw 209: 31 32 01 18 33 23 36
Draw 210: 17 37 12 22 33 30 07
Draw 211: 16 27 29 02 06 12 32
Draw 212: 31 01 08 30 29 12 14
Draw 213: 20 07 17 28 05 39 38
Draw 214: 29 34 36 25 07 16 03
Draw 215: 10 27 37 07 34 12 31
Draw 216: 02 25 26 04 36 39 24
Draw 217: 17 27 21 40 12 23 34
Draw 218: 36 12 07 11 26 14 24
Draw 219: 06 12 01 15 35 36 04
Draw 220: 34 22 30 16 11 03 37
Draw 221: 11 27 12 13 08 03 20
Draw 222: 07 37 22 36 11 21 17
Draw 223: 22 17 07 04 40 32 20
Draw 224: 28 34 05 13 15 39 25
Draw 225: 13 21 22 18 27 16 30
Draw 226: 15 05 36 40 32 10 27
Draw 227: 20 06 19 26 08 07 15
Draw 228: 39 33 27 20 30 17 01
Draw 229: 16 37 29 24 03 10 32
Draw 230: 10 05 01 16 40 38 06
Draw 231: 25 05 01 13 21 10 26
Draw 232: 01 20 36 13 25 31 03
Draw 233: 37 23 19 08 12 15 34
Draw 234: 14 17 37 06 27 38 23
Draw 235: 28 25 38 17 24 12 09
Draw 236: 35 20 26 28 05 15 11
Draw 237: 20 05 13 22 14 36 38
Draw 238: 39 01 40 09 20 37 12
Draw 239: 03 22 27 38 02 40 13
Draw 240: 39 08 17 36 07 28 12
Draw 241: 20 35 01 33 05 27 31
Draw 242: 40 38 06 34 32 36 19
Draw 243: 06 25 33 27 08 01 37
Draw 244: 20 07 14 19 32 11 36
Draw 245: 17 03 08 26 25 38 09
Draw 246: 26 10 09 13 39 22 17
Draw 247: 27 38 12 35 25 17 09
Draw 248: 04 28 15 03 20 37 07
Draw 249: 24 05 08 40 35 38 11
Draw 250: 40 10 18 01 35 20 14
Draw 251: 16 37 15 21 08 35 02
Draw 252: 24 02 09 03 25 22 30
Draw 253: 07 21 32 04 36 06 02
Draw 254: 08 07 37 34 21 11 18
Draw 255: 25 13 28 04 05 18 02
Draw 256: 16 38 28 34 12 20 29
Draw 257: 15 05 17 26 34 04 06
Draw 258: 08 13 16 09 04 32 27
Draw 259: 29 39 15 30 40 23 08
Draw 260: 13 15 38 02 40 08 16
Draw 261: 16 28 13 06 36 12 22
Draw 262: 39 19 07 28 05 18 09
Draw 263: 02 32 08 31 30 05 26
Draw 264: 24 04 29 14 05 17 35
Draw 265: 24 32 31 14 17 10 37
Draw 266: 23 35 19 14 29 03 04
Draw 267: 24 26 32 16 10 22 28
Draw 268: 37 24 16 27 30 21 22
Draw 269: 39 37 21 03 26 12 29
Draw 270: 40 38 09 30 01 10 39
Draw 271: 05 22 25 07 31 38 02
Draw 272: 11 12 21 17 39 33 10
Draw 273: 13 28 23 06 18 34 14
Draw 274: 06 17 24 01 05 10 09
Draw 275: 24 22 03 13 07 38 14
Draw 276: 01 22 33 02 25 18 11
Draw 277: 05 22 25 03 01 37 36
Draw 278: 07 33 19 38 34 37 13
Draw 279: 15 06 14 11 27 36 20
Draw 280: 38 04 35 23 16 14 13
Draw 281: 03 25 06 16 38 05 31
Draw 282: 35 17 03 34 38 29 40
Draw 283: 10 29 19 24 16 33 30
Draw 284: 22 38 02 21 14 24 10
Draw 285: 19 05 29 31 12 28 38
Draw 286: 03 02 14 07 08 26 31
Draw 287: 21 01 29 15 22 12 24
Draw 288: 39 35 12 13 08 06 21
Draw 289: 38 19 28 01 07 23 10
Draw 290: 04 06 03 10 19 38 16
Draw 291: 30 04 28 09 12 36 35
Draw 292: 17 32 25 30 38 20 39
Draw 293: 15 31 03 05 40 17 09
Draw 294: 09 05 31 27 19 25 22
Draw 295: 32 26 03 39 24 28 35
Draw 296: 28 06 26 15 07 33 30
Draw 297: 07 36 08 01 31 04 18
Draw 298: 12 24 27 28 33 36 04
Draw 299: 06 08 09 21 28 34 15
Draw 300: 12 18 26 27 28 37 24
Draw 301: 05 08 21 23 25 31 09
Draw 302: 04 11 18 35 37 39 36
Draw 303: 07 08 19 36 39 40 04
Draw 304: 02 10 13 14 30 31 12
Draw 305: 07 11 13 14 22 36 18
Draw 306: 06 31 34 35 36 37 33
Draw 307: 07 12 14 16 22 34 05
Draw 308: 02 15 21 28 32 36 24
Draw 309: 04 05 20 26 27 31 34
Draw 310: 06 13 15 18 27 29 08
Draw 311: 02 13 16 21 37 39 32
Draw 312: 09 18 20 25 36 39 22
Draw 313: 12 13 14 16 17 23 38
Draw 314: 10 15 24 33 37 40 05
Draw 315: 01 12 19 24 26 32 10
Draw 316: 03 04 05 19 20 23 07
Draw 317: 01 07 10 15 20 35 29
Draw 318: 01 09 11 23 26 34 18
Draw 319: 09 11 22 34 35 40 20
Draw 320: 31 32 33 35 36 38 11
Draw 321: 01 04 12 21 30 32 14
Draw 322: 12 16 18 21 29 40 19
Draw 323: 03 08 15 19 25 30 11
Draw 324: 04 07 13 31 33 34 14
Draw 325: 02 07 20 26 28 30 23
Draw 326: 03 07 21 31 33 35 12
Draw 327: 03 21 23 24 27 28 29
Draw 328: 02 06 16 20 26 33 15
Draw 329: 03 04 18 20 26 31 13
Draw 330: 07 12 13 14 21 24 09
Draw 331: 05 08 15 22 30 34 31
Draw 332: 04 10 20 21 32 34 06
Draw 333: 08 14 20 29 36 39 35
Draw 334: 01 07 10 20 34 40 16
Draw 335: 06 14 33 34 36 38 19
Draw 336: 01 21 32 34 38 40 16
Draw 337: 06 13 15 20 30 38 16
Draw 338: 02 04 08 14 33 38 36
Draw 339: 05 15 22 33 37 40 25
Draw 340: 07 11 13 17 26 28 30
Draw 341: 06 11 14 17 19 40 30
Draw 342: 01 07 10 12 23 39 05
Draw 343: 01 04 24 30 35 36 08
Draw 344: 07 09 10 28 34 40 15
Draw 345: 01 04 05 21 27 37 26
Draw 346: 11 13 17 18 32 36 37
Draw 347: 06 10 19 25 30 38 31
Draw 348: 01 07 08 20 34 40 35
Draw 349: 04 08 32 34 37 38 02
Draw 350: 06 13 22 25 28 33 27
Draw 351: 02 07 22 25 33 34 32
Draw 352: 03 07 09 17 32 33 28
Draw 353: 07 28 29 30 32 37 31
Draw 354: 05 06 18 22 30 34 03
Draw 355: 08 19 20 24 35 39 01
Draw 356: 01 08 14 33 37 38 11
Draw 357: 17 21 33 35 37 39 32
Draw 358: 06 19 25 29 31 33 22
Draw 359: 04 09 22 32 35 38 25
Draw 360: 02 24 29 31 35 37 22
Draw 361: 01 09 10 23 24 30 06
Draw 362: 10 11 14 23 24 31 29
Draw 363: 09 15 18 19 31 39 40
Draw 364: 01 07 20 28 30 38 02
Draw 365: 07 21 25 26 36 39 34
Draw 366: 17 18 23 30 39 40 15
Draw 367: 09 10 12 14 22 23 27
Draw 368: 05 07 12 28 33 34 22
Draw 369: 04 10 12 23 25 35 40
Draw 370: 11 14 18 22 26 38 25
Draw 371: 03 10 14 21 24 32 05
Draw 372: 06 07 09 22 25 36 10
Draw 373: 07 09 30 31 38 40 34
Draw 374: 09 20 22 25 30 39 31
Draw 375: 02 06 07 16 21 40 09
Draw 376: 02 14 18 24 26 38 03
Draw 377: 01 14 16 25 37 39 20
Draw 378: 14 17 28 32 35 39 29
Draw 379: 23 25 26 27 34 35 22
Draw 380: 10 11 24 27 32 40 08
Draw 381: 08 10 12 21 22 26 11
Draw 382: 05 21 28 34 35 36 23
Draw 383: 05 12 16 19 24 27 26
Draw 384: 07 08 10 16 17 40 31
Draw 385: 09 17 21 27 35 36 05
Draw 386: 01 08 12 22 30 39 24
Draw 387: 16 17 23 30 32 38 29
Draw 388: 16 19 24 27 31 39 08
Draw 389: 01 07 15 21 31 37 40
Draw 390: 19 21 22 34 36 39 38
Draw 391: 01 21 22 24 33 40 25
Draw 392: 05 08 15 23 33 37 16
Draw 393: 01 21 22 28 31 40 35
Draw 394: 08 15 19 24 31 40 17
Draw 395: 03 04 20 25 26 37 10
Draw 396: 07 11 26 29 31 37 09
Draw 397: 07 08 09 13 21 32 39
Draw 398: 02 04 12 17 22 25 15
Draw 399: 17 20 22 31 36 38 10
Draw 400: 04 14 22 32 36 39 27
Draw 401: 02 03 15 16 22 39 08
Draw 402: 05 06 11 17 31 34 21
Draw 403: 04 05 13 15 16 21 34
Draw 404: 02 03 21 23 29 33 34
Draw 405: 02 03 12 15 18 26 08
Draw 406: 04 24 26 30 33 37 02
Draw 407: 04 18 27 28 30 39 24
Draw 408: 02 03 13 22 25 35 11
Draw 409: 07 09 11 17 18 28 05
Draw 410: 08 21 23 28 30 32 35
Draw 411: 02 06 10 21 31 35 05
Draw 412: 05 17 18 19 31 36 30
Draw 413: 01 03 05 26 27 35 07
Draw 414: 04 14 20 24 27 31 18
Draw 415: 07 10 17 22 34 38 32
Draw 416: 05 06 07 08 15 22 14
Draw 417: 05 14 18 20 30 31 27
Draw 418: 09 19 22 28 32 34 06
Draw 419: 06 08 16 20 23 25 17
Draw 420: 03 20 25 36 37 38 21
Draw 421: 02 07 10 30 33 39 06
Draw 422: 01 03 12 16 26 40 19
Draw 423: 04 13 14 16 19 22 05
Draw 424: 04 09 16 24 28 33 36
Draw 425: 04 13 21 24 28 38 25
Draw 426: 09 12 19 21 37 40 36
Draw 427: 02 05 14 29 39 40 24
Draw 428: 01 04 21 22 28 30 27
Draw 429: 01 04 11 15 19 24 05
Draw 430: 03 12 13 19 24 28 39
Draw 431: 04 07 12 14 35 38 23
Draw 432: 05 26 29 35 38 39 17
Draw 433: 01 07 15 20 37 38 18
Draw 434: 05 15 19 27 29 33 21
Draw 435: 11 19 20 24 33 35 16
Draw 436: 15 20 25 29 33 38 17
Draw 437: 01 05 07 18 20 40 08
Draw 438: 09 15 23 28 33 34 29
Draw 439: 08 12 23 25 29 30 39
Draw 440: 01 08 09 19 22 30 23
Draw 441: 02 14 16 22 23 34 28
Draw 442: 01 11 22 31 33 34 03
Draw 443: 08 20 22 25 32 34 18
Draw 444: 06 08 13 15 38 39 19
Draw 445: 05 12 13 32 33 38 02
Draw 446: 05 10 19 20 27 30 33
Draw 447: 07 10 15 23 24 27 37
Draw 448: 01 05 22 25 28 30 02
Draw 449: 07 21 26 29 36 37 12
Draw 450: 03 11 16 28 30 40 02
Draw 451: 06 13 18 20 22 24 40
Draw 452: 12 22 25 28 34 40 11
Draw 453: 05 14 20 36 39 40 29
Draw 454: 05 11 15 18 24 29 40
Draw 455: 05 11 23 29 35 39 19
Draw 456: 07 11 15 17 31 33 02
Draw 457: 06 12 15 19 25 29 31
Draw 458: 08 09 13 20 23 36 38
Draw 459: 04 13 14 25 26 37 35
Draw 460: 02 15 17 21 24 38 23
Draw 461: 03 04 06 12 26 32 01
Draw 462: 02 03 18 21 26 36 38
Draw 463: 03 05 09 14 19 22 39
Draw 464: 11 20 24 25 29 40 01
Draw 465: 04 06 11 12 19 20 13
Draw 466: 15 16 18 23 25 40 11
Draw 467: 01 09 24 26 33 36 17
Draw 468: 01 11 12 14 15 34 17
Draw 469: 05 09 15 22 24 36 39
Draw 470: 09 13 14 16 18 30 19
Draw 471: 08 14 18 20 28 31 12
Draw 472: 02 05 11 13 19 28 26
Draw 473: 05 09 10 15 21 30 06
Draw 474: 03 07 08 21 29 39 40
Draw 475: 06 11 13 27 28 29 35
Draw 476: 12 21 25 27 34 37 40
Draw 477: 02 03 11 12 26 39 04
Draw 478: 09 13 29 30 33 34 35
Draw 479: 09 10 12 15 21 26 17
Draw 480: 08 18 20 22 29 33 25
Draw 481: 07 14 16 24 28 40 29
Draw 482: 11 12 17 25 28 37 19
Draw 483: 12 14 25 27 31 33 19
Draw 484: 01 03 20 21 27 31 06
Draw 485: 01 09 10 23 29 34 32
Draw 486: 06 13 22 38 39 40 24
Draw 487: 04 05 07 12 15 39 13
Draw 488: 02 10 12 16 19 23 07
Draw 489: 01 06 20 26 27 30 14
Draw 490: 10 12 19 22 34 35 26
Draw 491: 08 13 15 23 24 32 06
Draw 492: 01 02 08 10 17 33 27
Draw 493: 04 11 14 26 32 38 16
Draw 494: 01 08 12 30 33 38 29
Draw 495: 01 07 20 22 24 30 14
Draw 496: 01 11 22 26 33 39 40
Draw 497: 08 12 15 19 26 30 36
Draw 498: 02 07 09 10 16 25 23
Draw 499: 02 11 14 16 19 40 33
Draw 500: 03 08 17 18 38 40 21
Draw 501: 04 10 23 25 26 35 11
Draw 502: 15 18 21 24 30 32 11
Draw 503: 14 18 21 30 34 36 05
Draw 504: 01 02 05 09 26 31 37
Draw 505: 07 10 29 32 33 39 23
Draw 506: 03 10 27 28 31 33 01
Draw 507: 11 14 19 33 34 35 25
Draw 508: 02 07 10 15 21 35 19
Draw 509: 15 16 32 36 38 39 05
Draw 510: 09 24 28 30 36 39 40
Draw 511: 01 03 04 25 35 40 10
Draw 512: 04 05 13 33 34 39 24
Draw 513: 09 16 20 21 30 31 13
Draw 514: 01 06 13 22 23 35 02
Draw 515: 09 19 20 27 32 35 07
Draw 516: 13 19 22 34 35 37 07
Draw 517: 02 03 07 09 13 15 22
Draw 518: 09 14 21 30 34 40 32
Draw 519: 03 06 14 17 31 33 10
Draw 520: 07 24 26 27 30 32 16
Draw 521: 04 05 09 12 20 37 33
Draw 522: 02 05 09 15 22 34 21
Draw 523: 06 10 19 20 37 39 13
Draw 524: 03 08 13 18 25 39 12
Draw 525: 01 06 10 19 31 38 27
Draw 526: 02 06 18 22 31 39 20
Draw 527: 06 19 22 29 32 33 17
Draw 528: 18 20 23 31 35 40 26
Draw 529: 01 13 15 23 30 40 26
Draw 530: 02 07 16 18 21 34 09
Draw 531: 12 17 20 29 34 38 31
Draw 532: 12 17 20 31 32 33 10
Draw 533: 09 15 17 25 27 36 07
Draw 534: 04 05 08 21 31 38 11
Draw 535: 06 17 22 23 26 38 36
Draw 536: 01 12 15 25 32 34 22
Draw 537: 08 25 28 31 33 39 16
Draw 538: 09 14 18 20 25 36 07
Draw 539: 03 07 16 19 20 34 05
Draw 540: 12 16 20 22 33 38 25
Draw 541: 02 06 11 13 17 30 18
Draw 542: 14 22 24 29 32 37 23
Draw 543: 03 15 17 20 26 31 07
Draw 544: 04 07 19 24 26 40 23
Draw 545: 07 10 12 27 31 32 17
Draw 546: 08 24 25 31 32 37 30
Draw 547: 07 09 21 26 33 37 40
Draw 548: 10 12 16 18 22 40 05
Draw 549: 03 08 14 15 18 24 26
Draw 550: 01 06 22 24 26 31 34
Draw 551: 02 03 06 09 17 20 21
Draw 552: 03 06 10 17 25 36 26
Draw 553: 01 09 11 26 35 39 38
Draw 554: 04 08 09 11 30 34 36
Draw 555: 03 04 09 17 23 38 05
Draw 556: 14 08 34 29 33 25 09
Draw 557: 13 11 39 18 14 32 37
Draw 558: 33 08 13 17 34 37 27
Draw 559: 04 39 18 08 35 07 34
Draw 560: 02 03 15 27 24 09 21
Draw 561: 01 33 02 11 03 25 36
Draw 562: 31 22 36 27 34 11 08
Draw 563: 24 18 29 16 11 06 31
Draw 564: 08 01 18 19 26 10 07
Draw 565: 13 01 38 11 17 31 37
Draw 566: 19 01 02 14 26 18 30
Draw 567: 34 20 04 07 19 28 15
Draw 568: 10 29 11 22 12 05 35
Draw 569: 32 11 21 16 37 06 12
Draw 570: 35 15 12 29 34 04 09
Draw 571: 28 35 05 33 29 06 20
Draw 572: 11 19 15 39 18 12 32
Draw 573: 10 14 27 02 01 29 19
Draw 574: 31 18 01 34 29 13 04
Draw 575: 25 19 40 16 31 14 05
Draw 576: 08 12 07 09 02 10 19
Draw 577: 06 20 12 08 37 07 40
Draw 578: 13 12 30 32 10 04 22
Draw 579: 33 12 36 34 21 39 09
Draw 580: 19 05 38 08 36 12 03
Draw 581: 35 36 13 16 01 39 19
Draw 582: 19 40 05 09 15 13 38
Draw 583: 08 34 30 07 24 23 01
Draw 584: 21 34 10 39 14 29 07
Draw 585: 10 12 40 19 08 16 29
Draw 586: 40 02 01 05 03 18 16
Draw 587: 36 14 24 02 12 40 38
Draw 588: 16 08 09 28 22 06 05
Draw 589: 27 02 32 07 34 20 18
Draw 590: 31 08 37 06 10 27 39
Draw 591: 01 11 33 31 05 07 02
Draw 592: 18 28 02 25 16 34 09
Draw 593: 36 32 38 33 34 13 04
Draw 594: 40 21 26 17 07 09 35
Draw 595: 18 33 12 05 39 26 02
Draw 596: 37 04 18 13 21 03 28
Draw 597: 18 09 20 23 33 07 39
Draw 598: 24 26 15 30 07 05 37
Draw 599: 33 12 26 35 38 22 29
Draw 600: 34 24 05 25 10 35 19
Draw 601: 31 28 12 09 01 26 40
Draw 602: 06 36 25 08 29 35 38
Draw 603: 10 21 20 03 24 36 18
Draw 604: 24 03 23 21 38 26 34
Draw 605: 08 05 13 33 31 28 21
Draw 606: 07 04 38 25 16 22 39
Draw 607: 24 06 15 33 27 23 09
Draw 608: 27 22 26 21 18 06 10
Draw 609: 12 01 27 32 02 26 31
Draw 610: 19 33 26 14 39 38 07
Draw 611: 23 37 26 16 02 38 39
Draw 612: 05 04 38 18 20 36 29
Draw 613: 33 35 28 32 13 23 04
Draw 614: 20 35 18 10 28 05 14
Draw 615: 02 28 05 07 13 09 26
Draw 616: 32 38 19 21 27 13 26
Draw 617: 33 23 29 16 20 37 09
Draw 618: 06 40 28 19 16 23 33
Draw 619: 13 19 23 26 25 03 04
Draw 620: 05 25 03 31 19 33 11
Draw 621: 25 17 40 01 39 07 18
Draw 622: 07 32 21 26 08 27 35
Draw 623: 31 07 03 28 10 33 18
Draw 624: 40 39 15 36 34 26 02
Draw 625: 01 02 12 09 37 25 03
Draw 626: 30 33 03 38 28 39 11
Draw 627: 37 08 10 02 25 22 34
Draw 628: 19 11 16 27 13 14 39
Draw 629: 27 01 22 09 13 02 39
Draw 630: 40 39 04 18 26 21 02
Draw 631: 28 25 11 17 36 37 08
Draw 632: 03 15 37 38 01 30 22
Draw 633: 24 27 39 15 26 10 20
Draw 634: 36 14 13 34 04 21 03
Draw 635: 07 37 25 23 01 14 03
Draw 636: 22 08 39 15 04 11 01
Draw 637: 20 13 10 03 22 40 30
Draw 638: 21 20 16 24 32 18 17
Draw 639: 36 39 35 33 16 03 17
Draw 640: 38 08 17 23 32 30 16
Draw 641: 15 25 39 10 34 23 08
Draw 642: 11 04 17 07 35 12 32
Draw 643: 37 38 09 20 19 36 31
Draw 644: 21 27 22 23 02 31 40
Draw 645: 04 06 34 03 02 28 18
Draw 646: 13 23 18 34 08 03 20
Draw 647: 09 37 31 29 13 11 06
Draw 648: 12 27 13 32 15 14 16
Draw 649: 13 24 29 22 21 19 30
Draw 650: 34 38 29 21 39 11 10
Draw 651: 30 23 20 27 21 38 05
Draw 652: 08 34 11 17 10 18 37
Draw 653: 23 07 33 02 28 15 19
Draw 654: 40 10 12 11 39 26 38
Draw 655: 04 22 27 10 33 09 13
Draw 656: 13 31 23 22 28 09 04
Draw 657: 06 32 09 26 36 21 35
Draw 658: 04 27 20 39 13 21 28
Draw 659: 22 01 19 08 02 29 36
Draw 660: 35 27 12 33 01 31 18
Draw 661: 02 15 26 13 30 39 12
Draw 662: 35 28 07 33 40 22 01
Draw 663: 20 04 21 18 08 29 26
Draw 664: 09 33 24 05 14 01 29
Draw 665: 28 10 26 23 25 36 34
Draw 666: 09 05 27 38 10 15 32
Draw 667: 13 17 32 18 39 31 36
Draw 668: 33 38 02 24 13 12 21
Draw 669: 19 39 25 31 13 18 14
Draw 670: 05 24 34 28 40 09 06
Draw 671: 38 19 06 27 23 05 24
Draw 672: 24 36 20 40 12 27 22
Draw 673: 18 27 17 11 39 12 21
Draw 674: 37 23 35 31 01 33 19
Draw 675: 10 38 26 12 09 27 01
Draw 676: 25 15 24 14 03 08 19
Draw 677: 25 18 04 08 34 24 33
Draw 678: 31 28 19 02 33 30 07
Draw 679: 03 40 17 33 14 01 23
Draw 680: 13 27 07 09 34 20 06
Draw 681: 25 05 11 35 38 03 12
Draw 682: 35 25 24 30 27 22 05
Draw 683: 01 36 16 17 06 40 33
Draw 684: 36 03 27 13 40 18 35
Draw 685: 21 01 07 31 16 37 28
Draw 686: 03 20 02 33 28 29 32
Draw 687: 22 11 03 23 17 02 34
Draw 688: 23 17 37 26 27 04 36
Draw 689: 07 31 01 27 18 04 15
Draw 690: 06 38 08 37 27 05 29
Draw 691: 26 29 20 08 36 24 15
Draw 692: 11 21 04 38 34 06 15
Draw 693: 06 13 29 35 25 38 39
Draw 694: 01 14 13 29 05 32 28
Draw 695: 24 10 27 06 09 29 18
Draw 696: 02 31 29 37 05 03 35
Draw 697: 25 27 26 03 39 10 12
Draw 698: 38 29 15 03 02 27 06
Draw 699: 03 08 36 15 23 32 09
Draw 700: 16 27 40 35 38 13 04
Draw 701: 16 17 31 13 12 07 14
Draw 702: 20 29 39 10 08 23 36
Draw 703: 22 27 12 32 38 10 31
Draw 704: 12 01 30 36 32 40 10
Draw 705: 08 20 07 06 01 36 35
Draw 706: 27 33 11 39 09 21 24
Draw 707: 38 09 37 29 04 06 10
Draw 708: 10 05 02 01 12 13 16
Draw 709: 39 27 07 16 04 14 06
Draw 710: 09 15 02 33 19 25 01
Draw 711: 37 12 13 14 06 11 29 03
Draw 712: 30 23 39 33 25 08 16 06
Draw 713: 33 16 36 37 19 08 11 05
Draw 714: 12 36 29 31 27 09 04 01
Draw 715: 04 34 07 03 13 12 01 01
Draw 716: 32 25 21 15 23 36 22 01
Draw 717: 02 28 04 08 27 16 07 03
Draw 718: 29 39 18 35 13 23 40 02
Draw 719: 06 12 40 35 39 38 20 01
Draw 720: 34 11 14 23 29 10 36 07
Draw 721: 02 03 19 20 13 08 26 04
Draw 722: 03 20 15 24 27 08 01 05
Draw 723: 12 18 33 03 35 21 16 02
Draw 724: 09 20 11 23 27 35 03 07
Draw 725: 01 28 18 27 34 06 14 08
Draw 726: 22 02 15 36 03 31 14 02
Draw 727: 40 11 07 27 26 21 23 04
Draw 728: 38 04 08 05 06 30 37 07
Draw 729: 09 23 27 12 21 19 30 03
Draw 730: 18 10 24 01 04 11 34 03
Draw 731: 40 09 07 26 32 27 16 03
Draw 732: 17 13 36 02 40 15 24 06
Draw 733: 05 16 03 34 12 27 04 06
Draw 734: 17 32 29 15 24 14 40 07
Draw 735: 26 23 11 28 06 01 32 08
Draw 736: 17 15 30 14 07 16 37 02
Draw 737: 26 19 09 39 02 03 12 03
Draw 738: 06 29 03 08 31 30 10 08
Draw 739: 07 39 11 37 27 30 21 04
Draw 740: 18 31 23 36 35 19 17 05
Draw 741: 10 11 37 01 39 30 18 01
Draw 742: 27 34 38 36 08 29 24 03
Draw 743: 24 07 04 17 30 31 08 07
Draw 744: 39 24 19 04 18 15 36 02
Draw 745: 01 14 24 09 23 35 37 04
Draw 746: 03 23 09 20 39 34 08 07
Draw 747: 26 30 39 16 03 34 29 07
Draw 748: 38 02 13 03 31 25 20 06
Draw 749: 02 08 30 26 07 32 31 02
Draw 750: 12 28 10 35 37 17 20 06
Draw 751: 05 03 20 09 27 06 29 02
Draw 752: 07 39 02 17 18 19 32 04
Draw 753: 38 37 13 40 28 36 22 02
Draw 754: 02 07 19 20 36 13 35 04
Draw 755: 08 23 32 05 29 09 31 04
Draw 756: 30 22 06 03 39 36 17 04
Draw 757: 35 13 31 20 23 02 34 07
Draw 758: 18 33 08 04 23 24 11 08
Draw 759: 19 10 36 02 31 21 01 03
Draw 760: 29 16 02 04 37 23 39 04
Draw 761: 37 11 15 35 13 14 07 03
Draw 762: 05 40 21 39 28 02 07 08
Draw 763: 27 37 29 26 25 20 36 01
Draw 764: 35 11 34 12 07 26 24 01
Draw 765: 40 16 18 20 29 03 25 06
Draw 766: 14 01 15 21 05 31 25 01
Draw 767: 25 15 14 03 40 28 27 03
Draw 768: 15 07 28 09 13 04 25 01
Draw 769: 20 12 23 10 40 05 33 01
Draw 770: 32 38 09 30 27 06 19 08
Draw 771: 22 13 17 40 19 36 27 06
Draw 772: 09 15 11 23 13 26 37 05
Draw 773: 01 39 27 16 15 20 05 05
Draw 774: 08 20 32 23 29 38 26 07
Draw 775: 14 07 30 10 29 24 23 02
Draw 776: 38 15 26 01 29 20 34 02
Draw 777: 27 10 39 13 08 18 01 08
Draw 778: 23 20 09 03 39 12 26 06
Draw 779: 24 16 02 27 22 26 37 01
Draw 780: 15 40 08 19 25 33 22 04
Draw 781: 29 26 30 17 07 03 05 03
Draw 782: 07 17 18 33 13 27 03 08
Draw 783: 04 31 11 03 28 35 17 01
Draw 784: 19 23 10 35 14 07 36 01
Draw 785: 06 08 07 30 18 05 38 04
Draw 786: 21 23 32 22 09 19 35 08
Draw 787: 27 06 25 04 02 01 31 05
Draw 788: 23 37 30 32 02 01 31 08
Draw 789: 21 11 22 07 17 28 26 03
Draw 790: 35 21 08 13 25 02 14 03
Draw 791: 32 29 16 38 33 40 18 07
Draw 792: 13 03 39 36 16 14 09 05
Draw 793: 27 13 25 19 18 07 04 07
Draw 794: 34 26 03 21 10 22 06 04
Draw 795: 01 14 37 26 02 28 06 04
Draw 796: 11 05 22 20 27 36 33 05
Draw 797: 36 32 35 13 24 40 04 05
Draw 798: 24 20 02 35 06 10 16 06
Draw 799: 23 26 40 04 12 38 37 01
Draw 800: 13 25 03 11 21 14 10 02
Draw 801: 02 09 33 22 01 32 06 06
Draw 802: 33 29 03 08 02 35 12 04
Draw 803: 25 33 21 14 38 05 03 05
Draw 804: 18 12 37 01 11 36 09 04
Draw 805: 01 34 39 14 38 37 26 08
Draw 806: 10 24 16 18 14 28 38 02
Draw 807: 05 03 19 25 31 35 01 08
Draw 808: 27 36 40 31 25 19 15 01
Draw 809: 01 27 06 03 23 38 24 02
Draw 810: 36 24 15 38 11 23 40 01
Draw 811: 36 08 31 12 09 38 34 03
Draw 812: 11 33 26 13 01 10 24 03
Draw 813: 03 35 06 08 09 39 11 05
Draw 814: 31 22 27 36 13 08 05 02
Draw 815: 30 28 10 23 07 16 08 02
Draw 816: 31 25 19 26 30 08 37 08
Draw 817: 39 22 32 08 29 36 18 04
Draw 818: 07 14 34 10 30 06 15 06
Draw 819: 21 15 11 23 09 24 06 02
Draw 820: 25 17 38 03 13 01 40 06
Draw 821: 28 23 36 01 16 14 12 08
Draw 822: 38 23 15 11 21 14 33 03
Draw 823: 02 04 31 06 39 21 35 05
Draw 824: 03 04 35 10 28 25 27 03
Draw 825: 40 13 18 15 24 33 35 01
Draw 826: 10 28 36 17 18 33 22 08
Draw 827: 40 26 16 03 01 36 21 03
Draw 828: 12 29 37 14 25 20 22 03
Draw 829: 22 04 10 37 25 01 23 08
Draw 830: 20 17 39 23 25 03 36 03
Draw 831: 16 09 01 14 29 19 26 01
Draw 832: 14 13 16 12 19 24 40 01
Draw 833: 30 20 10 35 32 25 19 08
Draw 834: 16 06 33 23 22 35 25 01
Draw 835: 19 14 37 11 09 36 20 02
Draw 836: 33 05 24 23 27 25 18 05
Draw 837: 32 05 35 01 38 40 11 05
Draw 838: 30 39 27 11 35 20 08 04
Draw 839: 19 29 32 03 06 08 39 01
Draw 840: 36 13 03 23 37 35 16 04
Draw 841: 16 17 19 07 12 09 20 05
Draw 842: 27 24 01 28 04 07 10 03
Draw 843: 07 40 23 33 18 28 39 03
Draw 844: 18 39 25 21 13 19 37 02
Draw 845: 14 19 30 13 06 26 03 02
Draw 846: 14 27 40 25 35 16 38 07
Draw 847: 33 20 16 05 35 26 12 06
Draw 848: 29 28 30 32 35 14 22 06
Draw 849: 24 32 09 26 28 31 23 05
Draw 850: 21 03 31 01 24 30 34 02
Draw 851: 22 35 19 26 30 02 28 06
Draw 852: 15 35 10 19 27 13 21 03
Draw 853: 25 13 12 39 27 36 05 01
Draw 854: 27 21 02 10 17 22 31 06
Draw 855: 25 05 16 39 24 32 03 07
Draw 856: 37 01 19 15 23 11 06 02
Draw 857: 35 17 38 30 22 06 26 01
Draw 858: 34 16 14 15 02 22 09 03
Draw 859: 11 22 29 04 06 03 31 05
Draw 860: 19 01 34 10 35 38 15 03
Draw 861: 35 18 02 17 22 28 10 05
Draw 862: 10 14 07 35 34 15 11 01
Draw 863: 30 26 13 05 25 02 07 05
Draw 864: 08 33 36 07 03 38 06 01
Draw 865: 11 31 39 10 32 24 09 03
Draw 866: 20 35 07 33 34 09 18 01
Draw 867: 07 02 26 15 29 33 35 01
Draw 868: 27 25 08 19 40 04 36 01
Draw 869: 19 27 13 32 07 21 23 03
Draw 870: 16 05 39 08 19 07 34 05
Draw 871: 21 32 11 04 10 16 07 04
Draw 872: 13 05 26 01 09 04 10 03
Draw 873: 06 09 30 07 08 25 26 01
Draw 874: 29 33 31 19 13 12 23 04
Draw 875: 35 13 08 06 21 12 34 04
Draw 876: 13 33 36 39 14 23 32 06
Draw 877: 31 10 20 29 33 36 08 08
Draw 878: 23 18 01 32 15 11 22 07
Draw 879: 26 31 27 11 21 14 30 02
Draw 880: 10 28 07 40 31 12 14 08
Draw 881: 18 25 36 08 09 17 21 05
Draw 882: 39 16 31 28 08 17 25 01
Draw 883: 38 09 11 01 40 06 05 03
Draw 884: 05 31 37 18 27 09 24 03
Draw 885: 16 02 13 17 06 33 21 01
Draw 886: 33 19 10 08 36 26 07 06
Draw 887: 21 19 04 35 37 08 10 01
Draw 888: 31 21 13 30 12 24 33 03
Draw 889: 21 15 35 33 29 18 02 04
Draw 890: 23 11 17 30 21 08 33 07
Draw 891: 32 33 19 04 18 29 17 01
Draw 892: 35 28 10 14 26 08 05 05
Draw 893: 02 01 33 39 32 03 06 05
Draw 894: 24 03 01 32 34 28 23 08
Draw 895: 11 21 06 38 20 09 12 05
Draw 896: 25 39 04 10 30 01 06 08
Draw 897: 30 19 33 28 20 08 15 07
Draw 898: 07 34 24 21 19 15 37 07
Draw 899: 18 39 26 29 33 27 28 03
Draw 900: 32 38 12 03 04 11 23 01
Draw 901: 38 20 18 12 27 34 24 03
Draw 902: 22 39 21 11 02 25 01 01
Draw 903: 27 02 20 37 35 23 06 08
Draw 904: 02 05 36 39 07 17 19 06
Draw 905: 06 01 38 40 20 16 04 05
Draw 906: 31 30 40 34 22 24 03 05
Draw 907: 24 15 01 32 31 09 20 08
Draw 908: 34 23 19 39 21 02 37 06
Draw 909: 33 25 40 30 32 26 21 04
Draw 910: 15 09 31 06 14 26 33 03
Draw 911: 39 22 36 38 10 12 25 07
Draw 912: 21 07 27 03 34 05 35 02
Draw 913: 09 38 26 35 20 19 24 06
Draw 914: 01 06 14 36 04 35 33 03
Draw 915: 08 27 24 01 09 30 06 02
Draw 916: 38 18 30 22 32 12 06 03
Draw 917: 37 38 34 07 09 36 23 07
Draw 918: 14 26 39 01 20 06 19 03
Draw 919: 02 24 36 13 39 21 12 04
Draw 920: 25 34 29 19 35 13 31 04
Draw 921: 30 38 18 04 22 36 19 08
Draw 922: 16 26 39 29 27 31 18 07
Draw 923: 06 37 02 33 32 26 05 06
Draw 924: 36 16 03 27 09 31 34 06
Draw 925: 27 11 33 18 32 25 19 07
Draw 926: 28 08 35 20 16 40 07 07
Draw 927: 08 25 04 32 37 21 30 03
Draw 928: 17 38 09 19 22 35 13 01
Draw 929: 37 39 21 27 10 16 01 08
Draw 930: 15 26 28 10 29 20 17 07
Draw 931: 29 18 21 31 23 07 13 05
Draw 932: 27 29 17 31 02 04 23 04
Draw 933: 30 36 28 16 04 27 25 08
Draw 934: 30 24 19 40 36 37 38 03
Draw 935: 19 07 08 20 13 33 31 05
Draw 936: 15 19 25 21 39 27 06 02
Draw 937: 13 06 39 15 37 18 17 04
Draw 938: 34 05 38 01 13 22 20 01
Draw 939: 05 18 14 37 01 40 28 03
Draw 940: 24 05 27 31 34 23 04 08
Draw 941: 18 17 10 09 26 04 37 01
Draw 942: 40 09 20 15 05 32 25 04
Draw 943: 37 20 22 34 11 12 26 02
Draw 944: 01 21 10 29 25 19 02 06
Draw 945: 28 21 11 14 19 35 16 05
Draw 946: 17 32 34 23 21 01 24 03
Draw 947: 32 01 21 14 23 15 12 05
Draw 948: 08 21 31 23 06 13 29 08
Draw 949: 34 24 12 11 05 32 16 08
Draw 950: 05 13 29 30 22 23 25 02
Draw 951: 06 28 18 33 04 09 17 05
Draw 952: 31 20 03 06 19 16 12 01
Draw 953: 08 35 22 02 31 33 20 04
Draw 954: 09 24 20 36 04 08 15 07
Draw 955: 28 09 39 31 17 08 13 06
Draw 956: 26 38 36 37 24 17 08 06
Draw 957: 40 22 29 06 08 05 32 08
Draw 958: 40 24 08 35 28 01 18 01
Draw 959: 09 11 16 12 01 14 05 02
Draw 960: 23 24 20 35 33 37 09 06
Draw 961: 36 04 14 25 24 34 03 03
Draw 962: 28 20 27 39 31 16 36 08
Draw 963: 24 17 26 40 04 02 01 06
Draw 964: 33 26 03 01 22 31 04 01
Draw 965: 18 10 02 05 12 16 32 06
Draw 966: 36 11 32 20 22 09 35 01
Draw 967: 06 31 05 12 25 33 17 01
Draw 968: 22 05 14 32 03 23 27 07
Draw 969: 29 21 35 19 25 36 23 04
Draw 970: 06 14 28 16 30 29 21 07
Draw 971: 06 34 30 17 32 10 31 02
Draw 972: 40 18 09 13 21 26 03 07
Draw 973: 25 20 35 07 32 17 08 01
Draw 974: 15 12 14 13 40 32 18 04
Draw 975: 29 26 36 28 07 31 24 03
Draw 976: 18 21 30 22 32 04 20 03
Draw 977: 38 40 15 21 17 39 14 01
Draw 978: 20 16 24 14 12 04 02 07
Draw 979: 26 37 19 22 11 23 12 03
Draw 980: 30 38 39 05 25 21 12 04
Draw 981: 17 13 28 15 26 12 23 01
Draw 982: 30 33 25 37 11 17 06 06
Draw 983: 32 34 17 13 10 23 05 05
Draw 984: 33 12 07 05 10 23 26 03
Draw 985: 19 37 11 08 35 26 40 05
Draw 986: 10 32 07 27 40 02 04 02
Draw 987: 29 31 32 22 13 15 19 06
Draw 988: 25 01 10 09 28 15 06 02
Draw 989: 24 22 27 13 06 08 01 06
Draw 990: 19 36 34 30 35 33 14 01
Draw 991: 28 18 03 07 09 30 23 02
Draw 992: 38 04 40 09 36 15 33 04
Draw 993: 03 04 05 07 12 01 21 01
Draw 994: 24 19 26 17 37 11 03 05
Draw 995: 12 20 27 29 26 16 18 06
Draw 996: 28 16 39 06 21 37 30 05
Draw 997: 29 39 26 07 27 24 01 02
Draw 998: 29 39 18 13 38 35 20 05
Draw 999: 20 24 21 23 16 05 26 06
Draw 1000: 12 01 11 10 32 25 09 01
Draw 1001: 11 23 17 12 40 38 34 04
Draw 1002: 12 03 01 17 06 04 02 02
Draw 1003: 21 23 12 20 39 34 04 02
Draw 1004: 11 20 10 37 23 25 21 07
Draw 1005: 24 01 09 03 21 15 33 04
Draw 1006: 36 02 04 19 39 18 16 01
Draw 1007: 03 07 17 20 28 33 37 06
Draw 1008: 03 27 14 29 19 08 36 03
Draw 1009: 05 10 06 07 02 27 30 02
Draw 1010: 28 39 12 25 03 37 22 06
Draw 1011: 02 11 22 13 16 08 31 04
Draw 1012: 08 29 06 12 27 20 23 01
Draw 1013: 30 02 15 24 38 11 37 07
Draw 1014: 23 05 19 11 22 02 29 06
Draw 1015: 04 31 14 13 39 38 30 08
Draw 1016: 40 19 35 24 38 10 08 06
Draw 1017: 28 07 25 10 01 32 20 06
Draw 1018: 06 30 01 11 13 09 40 08
Draw 1019: 31 21 04 02 32 27 16 06
Draw 1020: 37 10 13 16 07 14 22 06
Draw 1021: 25 09 21 31 22 11 07 03
Draw 1022: 09 18 01 04 25 34 26 01
Draw 1023: 23 28 16 09 04 37 39 08
Draw 1024: 20 12 15 03 27 06 16 04
Draw 1025: 20 02 24 29 31 21 12 02
Draw 1026: 16 32 36 27 09 11 15 08
Draw 1027: 38 05 21 29 35 17 25 04
Draw 1028: 21 20 27 36 32 38 19 08
Draw 1029: 35 30 37 20 04 05 25 05
Draw 1030: 18 25 38 35 32 28 37 04
Draw 1031: 03 21 18 01 25 07 10 07
Draw 1032: 15 22 01 30 25 23 28 08
Draw 1033: 40 31 30 04 09 17 29 02
Draw 1034: 10 15 19 23 26 31 40 07
Draw 1035: 05 11 14 16 21 33 23 01
Draw 1036: 11 13 16 29 34 38 28 07
Draw 1037: 02 11 20 34 36 39 17 02
Draw 1038: 02 03 17 24 34 39 27 03
Draw 1039: 04 10 11 25 37 38 02 01
Draw 1040: 05 06 14 19 25 34 22 08
Draw 1041: 05 07 08 12 33 35 23 08
Draw 1042: 04 10 11 14 17 39 40 08
Draw 1043: 17 19 20 24 29 32 34 04
Draw 1044: 02 11 23 25 27 38 01 08
Draw 1045: 01 03 07 09 10 15 17 03
Draw 1046: 02 12 29 30 33 38 35 07
Draw 1047: 01 13 23 28 32 40 38 02
Draw 1048: 01 12 13 20 25 34 14 01
Draw 1049: 06 12 18 27 36 38 22 04
Draw 1050: 04 10 15 16 30 35 01 08
Draw 1051: 01 07 13 18 26 30 05 08
Draw 1052: 05 15 24 34 37 39 08 03
Draw 1053: 04 07 08 28 32 34 09 02
Draw 1054: 02 09 16 26 29 36 34 06
Draw 1055: 14 19 20 22 35 37 18 04
Draw 1056: 12 13 15 16 22 38 23 05
Draw 1057: 02 05 23 24 28 29 04 07
Draw 1058: 04 07 12 23 24 26 21 04
Draw 1059: 06 08 14 24 32 33 26 05
Draw 1060: 04 07 17 20 32 35 37 02
Draw 1061: 01 13 14 21 24 35 06 07
Draw 1062: 04 26 29 32 34 36 27 01
Draw 1063: 09 14 27 34 37 38 29 06
Draw 1064: 19 23 25 27 32 40 38 03
Draw 1065: 11 15 23 30 31 40 07 06
Draw 1066: 02 12 13 25 37 39 40 06
Draw 1067: 13 18 24 26 31 37 20 08
Draw 1068: 03 04 18 27 29 38 30 05
Draw 1069: 01 03 14 33 38 40 05 07
Draw 1070: 04 08 09 18 21 34 07 03
Draw 1071: 02 07 11 17 28 31 35 01
Draw 1072: 17 20 27 30 31 38 13 06
Draw 1073: 08 22 30 33 35 38 32 10
Draw 1074: 03 08 14 18 21 36 35 03
Draw 1075: 05 14 16 19 22 40 33 09
Draw 1076: 08 10 12 26 36 38 21 05
Draw 1077: 10 15 19 22 34 40 17 04
Draw 1078: 02 04 12 22 32 38 20 08
Draw 1079: 14 16 19 36 39 40 01 07
Draw 1080: 03 09 14 15 23 40 33 08
Draw 1081: 04 13 27 32 36 38 08 01
Draw 1082: 04 12 29 31 32 35 09 04
Draw 1083: 06 12 17 18 35 39 04 09
Draw 1084: 03 16 17 23 25 40 39 06
Draw 1085: 21 22 23 26 30 32 37 06
Draw 1086: 05 13 16 28 38 40 25 04
Draw 1087: 07 17 19 27 33 36 11 05
Draw 1088: 11 12 16 23 29 31 30 08
Draw 1089: 03 05 11 16 24 28 14 06
Draw 1090: 10 16 22 28 35 40 13 08
Draw 1091: 14 25 29 32 33 38 40 07
Draw 1092: 09 15 17 30 36 39 07 09
Draw 1093: 03 10 14 27 35 38 34 01
Draw 1094: 01 09 10 23 25 34 02 06
Draw 1095: 08 14 23 30 31 39 09 08
Draw 1096: 12 22 23 31 32 34 13 10
Draw 1097: 26 28 33 35 37 40 15 09
Draw 1098: 11 12 21 26 36 37 09 10
Draw 1099: 07 17 29 30 36 37 19 05
Draw 1100: 02 10 18 23 30 38 03 06
Draw 1101: 09 14 16 17 26 28 07 02
Draw 1102: 15 17 21 30 38 40 18 02
Draw 1103: 04 07 17 24 32 35 16 10
Draw 1104: 02 05 17 18 34 40 32 05
Draw 1105: 04 07 08 35 37 38 34 02
Draw 1106: 04 06 07 19 25 35 21 03
Draw 1107: 05 06 22 23 24 30 13 06
Draw 1108: 03 04 23 26 35 36 34 04
Draw 1109: 07 19 25 31 35 38 24 01
Draw 1110: 02 15 17 20 27 28 39 08
Draw 1111: 03 06 10 11 15 16 27 03
Draw 1112: 06 11 26 29 34 37 20 06
Draw 1113: 08 10 11 26 32 39 36 08
Draw 1114: 04 08 17 24 27 35 10 08
Draw 1115: 02 05 16 22 31 40 28 02
Draw 1116: 01 06 15 19 22 39 35 03
Draw 1117: 06 14 15 18 23 37 30 06
Draw 1118: 01 19 22 29 30 37 23 01
Draw 1119: 06 09 10 14 26 40 37 02
Draw 1120: 13 16 27 29 30 38 11 03
Draw 1121: 02 12 13 16 23 33 05 06
Draw 1122: 10 18 19 22 39 40 21 03
Draw 1123: 03 18 24 28 31 38 23 02
Draw 1124: 04 25 26 27 35 38 30 04
Draw 1125: 02 09 16 22 27 36 05 02
Draw 1126: 05 10 18 21 26 30 22 04
Draw 1127: 07 10 18 22 31 32 09 06
Draw 1128: 11 16 17 25 33 37 21 02
Draw 1129: 03 17 19 20 24 29 35 01
Draw 1130: 03 13 19 21 31 37 36 09
Draw 1131: 05 10 18 21 25 28 01 02
Draw 1132: 06 16 28 33 36 37 34 07
Draw 1133: 05 11 12 19 26 31 30 02
Draw 1134: 04 05 07 23 30 34 15 05
Draw 1135: 13 15 18 24 32 38 26 01
Draw 1136: 01 08 12 15 18 22 20 04
Draw 1137: 03 07 20 24 36 40 18 08
Draw 1138: 03 11 17 23 26 39 36 01
Draw 1139: 08 09 10 17 22 36 34 03
Draw 1140: 16 20 24 26 35 37 09 08
Draw 1141: 11 14 16 25 33 38 29 01
Draw 1142: 06 11 30 33 37 38 05 02
Draw 1143: 03 15 21 31 33 40 01 06
Draw 1144: 01 12 14 19 20 23 36 01
Draw 1145: 01 05 11 15 18 21 33 04
Draw 1146: 07 12 14 17 22 34 15 10
Draw 1147: 14 15 24 30 31 37 25 06
Draw 1148: 07 16 18 33 39 40 02 01
Draw 1149: 01 17 21 22 31 32 02 10
Draw 1150: 10 13 19 22 34 38 07 02
Draw 1151: 01 14 15 30 32 40 09 09
Draw 1152: 02 07 09 12 17 26 31 08
Draw 1153: 09 12 24 32 36 37 22 02
Draw 1154: 04 16 29 32 38 40 36 06
Draw 1155: 05 15 16 19 20 23 27 02
Draw 1156: 12 13 19 26 35 40 02 02
Draw 1157: 12 19 23 24 31 35 08 05
Draw 1158: 02 03 17 27 39 40 22 01
Draw 1159: 13 18 19 35 39 40 08 09
Draw 1160: 08 10 20 21 22 23 28 04
Draw 1161: 01 07 13 15 22 31 14 07
Draw 1162: 04 10 11 25 31 40 02 07
Draw 1163: 04 13 18 24 25 37 03 03
Draw 1164: 08 13 19 22 33 36 29 05
Draw 1165: 01 13 15 25 27 31 16 09
Draw 1166: 13 26 29 31 33 35 38 02
Draw 1167: 12 16 21 29 33 37 03 06
Draw 1168: 02 08 15 21 31 35 13 05
Draw 1169: 09 10 13 28 30 34 21 05
Draw 1170: 05 13 18 32 37 40 23 05
Draw 1171: 02 05 08 24 28 30 32 05
Draw 1172: 12 18 22 25 36 39 37 04
Draw 1173: 05 14 15 20 22 32 07 03
Draw 1174: 02 04 15 30 32 38 22 07
Draw 1175: 01 04 06 08 21 23 25 07
Draw 1176: 01 05 13 26 30 39 18 02
Draw 1177: 01 03 18 22 27 40 23 03
Draw 1178: 13 21 23 25 34 39 09 04
Draw 1179: 16 21 30 32 37 40 12 08
Draw 1180: 03 06 11 18 22 29 20 06
Draw 1181: 03 04 28 30 34 39 13 05
Draw 1182: 03 08 11 13 19 36 29 07
Draw 1183: 11 14 15 19 23 36 39 05
Draw 1184: 14 25 29 33 35 38 40 09
Draw 1185: 11 15 21 24 37 38 36 04
Draw 1186: 09 14 16 20 36 40 34 04
Draw 1187: 05 11 26 30 37 39 14 05
Draw 1188: 04 07 12 14 15 16 22 06
Draw 1189: 19 23 25 30 31 32 06 06
Draw 1190: 07 12 15 27 37 39 23 03
Draw 1191: 07 13 14 16 17 36 28 08
Draw 1192: 03 05 06 21 27 38 28 01
Draw 1193: 03 09 29 30 35 39 19 04
Draw 1194: 01 16 18 30 33 40 23 08
Draw 1195: 04 08 16 20 31 38 11 05
Draw 1196: 10 11 14 18 22 31 21 02
Draw 1197: 16 19 23 26 27 32 25 10
Draw 1198: 01 04 14 18 25 36 30 08
Draw 1199: 01 10 12 21 27 31 09 03
Draw 1200: 07 11 16 20 25 30 34 06
Draw 1201: 10 12 30 32 36 38 21 02
Draw 1202: 14 18 30 33 36 37 29 03
Draw 1203: 05 07 08 11 28 35 25 08
Draw 1204: 01 06 17 21 24 34 40 10
Draw 1205: 02 10 11 18 22 25 16 05
Draw 1206: 05 08 10 24 28 35 36 06
Draw 1207: 01 11 12 22 32 36 35 06
Draw 1208: 01 08 22 26 28 38 09 03
Draw 1209: 04 18 24 28 34 35 14 06
Draw 1210: 02 11 13 23 29 30 18 05
Draw 1211: 10 13 17 22 23 33 25 04
Draw 1212: 03 07 11 26 38 40 12 06
Draw 1213: 16 18 31 35 36 39 37 03
Draw 1214: 01 02 05 31 34 39 25 02
Draw 1215: 09 12 19 23 32 37 04 04
Draw 1216: 04 05 11 14 27 32 01 10
Draw 1217: 05 13 30 34 37 40 38 02
Draw 1218: 01 06 22 28 35 38 32 09
Draw 1219: 09 14 15 31 35 38 29 10
Draw 1220: 04 23 27 34 37 40 13 10
Draw 1221: 02 07 16 21 25 28 13 02
Draw 1222: 11 20 28 31 32 38 10 01
Draw 1223: 06 15 19 28 33 35 36 10
Draw 1224: 06 09 12 17 23 30 03 08
Draw 1225: 01 07 08 32 36 38 21 03
Draw 1226: 01 14 19 21 32 34 30 10
Draw 1227: 02 03 11 13 16 26 08 08
Draw 1228: 01 19 26 28 38 39 27 04
Draw 1229: 03 06 10 12 22 25 28 05
Draw 1230: 05 10 13 29 34 37 07 08
Draw 1231: 05 10 16 20 36 37 30 10
Draw 1232: 01 02 10 15 32 36 35 10
Draw 1233: 30 33 19 13 34 18 40 04
Draw 1234: 22 05 02 29 01 12 09 01
Draw 1235: 13 33 06 36 05 31 40 02
Draw 1236: 27 37 38 29 36 07 19 04
Draw 1237: 02 15 17 27 32 37 13 06
Draw 1238: 04 06 12 17 27 32 25 09
Draw 1239: 01 08 23 25 31 40 28 10
Draw 1240: 01 09 10 19 33 38 23 02
Draw 1241: 01 18 21 24 29 40 35 06
Draw 1242: 03 10 13 19 22 33 38 05
Draw 1243: 08 13 25 28 31 34 21 08
Draw 1244: 03 05 08 18 20 35 10 03
Draw 1245: 04 08 17 24 38 39 15 10
Draw 1246: 13 16 18 23 27 31 06 10
Draw 1247: 04 05 08 20 28 37 36 01
Draw 1248: 24 27 28 30 36 37 20 02
Draw 1249: 06 12 20 28 30 34 33 02
Draw 1250: 07 12 15 22 27 31 11 08
Draw 1251: 07 09 21 26 27 33 04 03
Draw 1252: 02 20 22 25 26 38 12 03
Draw 1253: 01 02 07 27 28 40 31 01
Draw 1254: 15 16 21 25 30 32 13 05
Draw 1255: 03 17 18 26 34 39 25 02
Draw 1256: 01 02 19 28 30 36 27 10
Draw 1257: 15 18 20 32 37 39 31 09
Draw 1258: 06 17 22 23 25 35 07 03
Draw 1259: 06 08 10 23 33 39 02 01
Draw 1260: 05 16 25 26 27 39 17 10
Draw 1261: 01 13 14 22 26 36 07 05
Draw 1262: 09 19 24 35 39 40 12 06
Draw 1263: 02 04 15 28 29 30 19 03
Draw 1264: 23 25 31 32 37 38 13 03
Draw 1265: 01 07 16 19 26 37 28 05
Draw 1266: 05 08 12 22 27 39 32 04
Draw 1267: 06 12 15 26 27 34 03 02
Draw 1268: 03 11 13 14 21 36 01 09
Draw 1269: 04 06 07 21 33 40 05 09
Draw 1270: 17 23 25 28 39 40 15 10
Draw 1271: 12 13 26 31 32 34 07 02
Draw 1272: 06 10 12 24 35 40 09 07
Draw 1273: 01 15 16 21 26 34 02 09
Draw 1274: 02 05 21 31 35 38 29 06
Draw 1275: 01 02 05 06 08 18 31 06
Draw 1276: 13 15 25 26 30 31 06 09
Draw 1277: 03 08 17 23 33 38 40 08
Draw 1278: 04 15 18 21 32 33 26 05
Draw 1279: 13 14 27 30 36 37 28 03
Draw 1280: 09 13 19 23 31 40 24 03
Draw 1281: 07 15 18 26 32 34 12 03
Draw 1282: 04 10 13 27 36 39 26 09
Draw 1283: 08 10 12 35 36 40 14 10
Draw 1284: 01 03 05 16 19 34 09 09
Draw 1285: 01 04 07 13 20 38 39 07
Draw 1286: 06 08 16 33 35 40 26 05
Draw 1287: 21 23 26 33 34 38 35 01
Draw 1288: 02 07 09 17 21 33 29 03
Draw 1289: 07 13 22 27 34 36 30 07
Draw 1290: 03 07 09 20 27 40 37 01
Draw 1291: 03 08 23 31 39 40 22 07
Draw 1292: 08 11 15 24 35 39 38 04
Draw 1293: 04 05 11 18 33 40 23 02
Draw 1294: 02 09 14 19 22 33 10 02
Draw 1295: 04 05 21 24 35 40 37 07
Draw 1296: 05 21 24 27 30 35 14 01
Draw 1297: 13 17 23 27 31 33 25 08
Draw 1298: 07 11 12 13 15 16 30 03
Draw 1299: 01 04 12 13 20 24 22 09
Draw 1300: 07 28 31 34 35 38 33 09
Draw 1301: 02 13 16 24 35 36 19 08
Draw 1302: 13 16 18 32 36 37 17 04
Draw 1303: 08 10 12 20 21 39 26 01
Draw 1304: 10 11 15 21 24 33 30 06
Draw 1305: 05 06 07 10 17 24 40 02
Draw 1306: 09 18 20 27 33 39 06 02
Draw 1307: 25 26 28 29 30 32 05 04
Draw 1308: 02 09 10 14 22 24 40 09
Draw 1309: 08 11 21 27 39 40 20 07
Draw 1310: 04 07 11 12 15 34 02 02
Draw 1311: 01 13 15 17 26 31 40 08
Draw 1312: 02 07 08 09 18 25 36 01
Draw 1313: 10 12 13 24 29 38 26 09
Draw 1314: 02 04 15 20 26 31 22 05
Draw 1315: 10 13 21 23 27 35 05 02
Draw 1316: 08 13 17 18 27 39 20 07
Draw 1317: 01 05 15 26 33 35 24 02
Draw 1318: 07 16 31 38 39 40 28 02
Draw 1319: 01 03 14 16 36 38 08 07
Draw 1320: 09 12 17 19 21 35 01 08
Draw 1321: 06 09 13 30 34 35 17 06
Draw 1322: 09 15 19 22 23 30 08 05
Draw 1323: 01 07 29 30 31 40 20 02
Draw 1324: 02 11 12 14 27 31 13 10
Draw 1325: 14 15 29 33 36 39 38 08
Draw 1326: 36 21 35 02 01 15 20 08
Draw 1327: 18 22 31 32 33 36 26 10
Draw 1328: 01 17 18 22 28 32 38 10
Draw 1329: 03 04 18 19 34 35 21 09
Draw 1330: 08 10 14 15 21 39 20 04
Draw 1331: 09 13 18 21 24 27 26 08
Draw 1332: 06 12 23 24 25 36 33 07
Draw 1333: 14 06 19 13 08 31 02 02
Draw 1334: 03 06 07 25 26 29 08 04
Draw 1335: 01 03 08 14 26 30 34 10
Draw 1336: 03 07 02 01 30 08 14 05
Draw 1337: 19 05 39 21 36 32 09 08
Draw 1338: 01 02 12 27 29 31 16 02
Draw 1339: 05 06 13 19 24 39 26 05
Draw 1340: 04 09 17 19 20 28 21 07
Draw 1341: 02 06 25 32 35 36 15 02
Draw 1342: 13 21 28 29 38 40 30 01
Draw 1343: 08 11 12 18 33 37 13 04
Draw 1344: 40 39 11 37 07 10 24 08
Draw 1345: 03 11 13 15 16 26 05 08
Draw 1346: 18 16 29 30 32 01 25 05
Draw 1347: 36 11 38 26 10 06 33 03
Draw 1348: 13 16 25 29 33 38 18 08
Draw 1349: 07 37 24 16 06 38 20 08
Draw 1350: 29 39 15 34 40 31 16 10
Draw 1351: 09 13 17 18 23 35 39 02
Draw 1352: 15 24 26 27 38 40 02 02
Draw 1353: 29 19 12 39 16 18 37 05
Draw 1354: 03 08 22 33 35 36 37 05
Draw 1355: 02 04 09 17 19 27 31 05
Draw 1356: 08 11 13 22 23 36 15 02
Draw 1357: 06 07 19 29 32 37 27 08
Draw 1358: 12 26 31 33 36 39 17 08
Draw 1359: 02 07 14 23 30 33 05 08
Draw 1360: 03 10 16 17 20 38 32 08
Draw 1361: 13 14 19 25 34 38 08 01
Draw 1362: 03 05 13 19 22 32 15 03
Draw 1363: 01 06 10 20 21 36 32 03
Draw 1364: 01 02 24 32 36 37 14 01
Draw 1365: 04 06 09 15 23 29 07 03
Draw 1366: 05 21 23 27 30 38 36 02
Draw 1367: 01 11 16 23 29 34 07 03
Draw 1368: 04 07 19 27 36 40 01 01
Draw 1369: 06 12 17 20 25 28 10 02
Draw 1370: 02 04 24 32 33 38 15 04
Draw 1371: 02 05 11 19 30 31 23 07
Draw 1372: 06 08 17 18 21 26 10 05
Draw 1373: 01 21 29 33 39 40 08 04
Draw 1374: 01 13 19 20 28 37 22 03
Draw 1375: 06 08 30 32 37 39 16 02
Draw 1376: 02 14 27 29 34 40 05 02
Draw 1377: 04 15 19 27 32 33 38 02
Draw 1378: 01 05 12 15 21 29 04 05
Draw 1379: 06 09 18 28 30 39 11 08
Draw 1380: 04 08 09 18 25 28 05 04
Draw 1381: 14 26 28 30 37 40 23 01
Draw 1382: 01 04 11 17 31 37 27 07
Draw 1383: 03 11 21 25 26 31 17 04
Draw 1384: 05 15 33 32 20 39 17 10
Draw 1385: 04 07 12 19 20 25 15 03
Draw 1386: 06 15 16 18 20 34 09 08
Draw 1387: 12 14 16 24 26 37 06 05
Draw 1388: 10 12 22 30 31 39 02 02
Draw 1389: 35 37 29 14 18 23 11 06
Draw 1390: 10 26 28 37 38 39 13 01
Draw 1391: 15 20 27 30 38 39 14 10
Draw 1392: 16 17 20 35 37 39 07 09
Draw 1393: 08 09 17 19 24 28 10 03
Draw 1394: 09 22 24 27 34 40 23 06
Draw 1395: 01 09 13 20 31 33 38 05
Draw 1396: 03 06 08 18 28 35 23 10
Draw 1397: 02 06 11 19 22 36 37 10
Draw 1398: 12 16 18 34 35 39 33 03
Draw 1399: 04 10 13 19 21 24 31 06
Draw 1400: 11 13 16 20 31 33 26 03
Draw 1401: 07 10 22 24 29 38 36 09
Draw 1402: 03 19 26 28 30 37 10 08
Draw 1403: 12 17 18 25 29 31 32 02
Draw 1404: 11 20 22 34 36 38 31 06
Draw 1405: 03 04 05 09 24 35 13 10
Draw 1406: 06 19 23 26 36 40 31 10
Draw 1407: 10 14 16 22 24 35 06 08
Draw 1408: 07 26 27 32 34 35 19 07
Draw 1409: 02 04 07 27 32 33 05 03
Draw 1410: 04 08 11 20 39 40 09 07
Draw 1411: 02 03 14 17 18 35 07 07
Draw 1412: 01 02 03 14 36 38 15 01
Draw 1413: 02 09 10 12 18 23 07 02
Draw 1414: 14 21 30 31 36 37 40 04
Draw 1415: 06 08 11 16 29 33 28 07
Draw 1416: 13 14 27 31 38 40 06 02
Draw 1417: 04 20 22 34 36 37 33 02
Draw 1418: 07 14 17 18 25 30 33 10
Draw 1419: 02 10 24 26 29 33 28 09
Draw 1420: 04 16 20 25 29 37 27 10
Draw 1421: 10 15 17 19 35 39 37 06
Draw 1422: 03 04 14 17 35 38 21 01
Draw 1423: 05 07 14 19 21 27 23 01
Draw 1424: 03 22 26 30 33 37 10 02
Draw 1425: 15 19 20 28 38 40 17 08
Draw 1426: 02 11 17 19 26 28 34 10
Draw 1427: 04 10 20 24 25 39 40 10
Draw 1428: 02 15 27 32 36 40 37 08
Draw 1429: 02 09 19 28 31 35 07 04
Draw 1430: 03 12 14 26 32 37 10 06
Draw 1431: 09 24 25 35 36 39 32 02
Draw 1432: 16 23 27 28 34 40 02 04
Draw 1433: 03 17 23 28 34 37 10 03
Draw 1434: 01 02 05 23 28 39 19 04
Draw 1435: 11 14 19 21 23 26 34 08
Draw 1436: 08 18 21 28 33 38 01 05
Draw 1437: 05 20 22 29 33 37 35 01
Draw 1438: 09 10 15 19 24 28 37 08
Draw 1439: 04 06 17 27 31 32 11 09
Draw 1440: 02 15 19 27 37 39 26 10
Draw 1441: 15 19 30 32 35 40 18 06
Draw 1442: 08 19 22 24 27 28 03 04
Draw 1443: 08 15 16 28 31 32 30 06
Draw 1444: 13 14 17 18 39 40 37 06
Draw 1445: 01 05 16 20 30 34 21 09
Draw 1446: 06 18 21 26 31 39 23 06
Draw 1447: 05 06 25 30 31 40 17 01
Draw 1448: 01 02 06 24 26 30 15 03
Draw 1449: 12 13 18 26 34 40 37 06
Draw 1450: 05 08 14 17 20 33 18 04
Draw 1451: 04 09 14 15 27 33 28 07
Draw 1452: 01 02 07 09 17 32 15 08
Draw 1453: 03 04 19 21 26 33 20 04
Draw 1454: 06 15 18 21 23 37 10 09
Draw 1455: 10 14 15 20 25 37 04 07
Draw 1456: 08 13 27 32 36 37 24 07
Draw 1457: 09 22 25 32 33 35 14 10
Draw 1458: 01 03 05 31 32 38 17 02
Draw 1459: 01 03 09 34 36 37 40 02
Draw 1460: 08 10 14 17 33 34 09 10
Draw 1461: 01 10 19 29 32 37 16 05
Draw 1462: 09 12 17 20 35 38 34 06
Draw 1463: 15 18 21 36 37 40 38 06
Draw 1464: 08 09 13 18 25 33 22 03
Draw 1465: 03 07 10 16 18 38 05 03
Draw 1466: 08 11 15 17 31 36 32 06
Draw 1467: 12 18 19 26 35 37 15 02
Draw 1468: 09 15 18 22 36 39 34 05
Draw 1469: 06 08 18 19 20 35 04 07
Draw 1470: 02 13 18 22 26 39 38 04
Draw 1471: 04 12 22 26 35 40 08 02
Draw 1472: 01 03 08 20 26 38 15 01
Draw 1473: 03 17 31 34 37 39 05 04
Draw 1474: 01 11 19 31 35 40 02 06
Draw 1475: 16 17 19 24 34 35 03 01
Draw 1476: 01 14 15 27 33 39 25 03
Draw 1477: 01 18 22 23 26 34 13 05
Draw 1478: 01 17 22 23 26 38 29 08
Draw 1479: 03 07 14 23 28 31 18 10
Draw 1480: 12 16 23 27 28 30 17 03
Draw 1481: 09 15 19 21 26 30 11 05
Draw 1482: 01 06 12 24 26 34 33 03
Draw 1483: 02 12 13 16 23 31 15 05
Draw 1484: 07 12 20 31 34 39 14 05
Draw 1485: 14 15 23 24 28 33 03 07
Draw 1486: 04 09 20 24 26 37 07 08
Draw 1487: 10 14 17 18 37 38 11 02
Draw 1488: 13 14 16 19 21 39 24 04
Draw 1489: 08 12 21 23 29 35 16 06
Draw 1490: 03 05 09 10 15 40 24 02
Draw 1491: 17 18 19 20 22 40 13 07
Draw 1492: 06 15 19 31 35 40 23 03
Draw 1493: 12 24 25 27 36 39 02 07
Draw 1494: 07 13 17 19 27 29 04 04
Draw 1495: 05 14 15 18 21 27 04 08
Draw 1496: 02 09 12 15 23 25 34 08
Draw 1497: 11 13 23 30 34 38 18 04
Draw 1498: 01 16 23 25 27 33 03 06
Draw 1499: 04 05 14 18 19 21 26 04
Draw 1500: 13 14 17 18 20 31 16 01
Draw 1501: 01 02 07 13 23 28 10 06
Draw 1502: 04 07 16 27 36 38 01 07
Draw 1503: 11 19 24 27 36 40 18 02
Draw 1504: 01 05 22 24 30 32 11 08
Draw 1505: 09 13 27 28 29 40 01 04
Draw 1506: 03 08 21 30 31 37 24 08
Draw 1507: 03 15 22 28 35 39 29 03
Draw 1508: 05 26 33 34 38 40 24 02
Draw 1509: 04 12 17 24 28 34 16 10
Draw 1510: 02 07 14 16 17 25 20 10
Draw 1511: 06 07 11 13 32 34 30 01
Draw 1512: 10 14 21 28 29 37 30 05
Draw 1513: 05 10 11 14 15 18 37 07
Draw 1514: 08 28 30 34 36 37 14 04
Draw 1515: 11 12 13 17 18 19 07 05
Draw 1516: 03 07 08 09 17 35 10 09
Draw 1517: 03 10 20 24 30 33 25 09
Draw 1518: 05 11 20 22 31 33 24 06
Draw 1519: 02 05 17 19 20 29 24 05
Draw 1520: 14 15 18 22 30 33 19 01
Draw 1521: 05 11 21 22 26 35 06 09
Draw 1522: 01 05 08 17 29 35 24 01
Draw 1523: 09 15 16 17 18 28 21 04
Draw 1524: 07 09 12 15 21 25 08 02
Draw 1525: 08 09 18 23 37 39 11 05
Draw 1526: 01 05 07 12 24 38 17 01
Draw 1527: 06 12 16 18 31 37 10 07
Draw 1528: 09 12 14 18 35 36 39 02
Draw 1529: 12 13 22 23 24 27 01 10
Draw 1530: 07 10 13 21 28 31 30 03
Draw 1531: 07 22 27 28 36 40 09 10
Draw 1532: 01 05 09 22 30 35 08 01
Draw 1533: 04 14 15 17 29 36 19 07
Draw 1534: 03 04 19 20 28 35 25 04
Draw 1535: 02 03 09 12 21 26 17 08
Draw 1536: 19 21 24 26 30 37 02 07
Draw 1537: 01 12 15 20 29 32 10 08
Draw 1538: 11 20 22 23 31 36 03 01
Draw 1539: 03 13 19 26 39 40 35 04
Draw 1540: 12 13 19 25 32 38 27 04
Draw 1541: 09 15 22 27 32 40 33 02
Draw 1542: 03 06 13 18 34 40 15 01
Draw 1543: 14 20 23 25 30 38 09 02
Draw 1544: 08 11 24 26 27 37 39 08
Draw 1545: 13 19 29 30 32 40 31 02
Draw 1546: 06 09 29 32 33 40 05 01
